11
18
128
94
46
86
44
41
10
38
12
48
32
30
26
54
26
14
22
110
62
86
40
70
14
16
100
68
36
14
50
10
4
2
4
6
38
70
32
34
26
142
8
22
4
30
26
2
12
2
2
52
36
10
22
30
42
40
14
60
10
6
2
20
68
8
4
2
2
12
10
34
16
26
2
20
2
2
14
16
20
22
4
4
22
10
4
30
2
2
4
2
2
10
74
2
8
6
2
2
2
4
4
20
22
2
2
18
6
20
16
2
2
4
2
2
10
4
2
2
8
190
2
6
10
42
6
6
6
6
16
6
26
4
28
14
20
6
6
6
30
2
2
4
30
4
6
6
10
6
26
2
12
58
32
16
8
6
6
2
2
4
18
18
54
96
132
88
74
42
4
174
90
134
26
132
182
2
4
4
4
2
10
10
14
2
2
2
16
2
2
16
2
2
2
2
3
8
2
2
10
12
2
2
2
2
2
14
6
24
8
8
18
2
286
302
6
188
8
24
20
4
2
6
314
348
4
2
6
2
2
2
12
2
2
6
2
18
2
6
4
2
2
22
2
2
4
4
4
22
14
26
10
160
170
198
344
402
14
384
320
48
12
12
8
16
28
36
26
12
12
8
12
16
22
8
36
4
14
12
20
10
8
14
18
24
36
18
4
42
18
66
92
8
8
26
4
4
4
38
40
12
22
4
4
4
4
4
4
8
12
24
24
12
8
10
4
20
8
4
22
14
4
4
24
4
4
8
22
10
4
4
24
4
10
4
14
4
4
14
10
4
4
18
4
4
4
8
30
18
4
4
4
4
4
14
4
4
4
4
2
8
6
6
6
6
6
6
6
6
6
6
10
6
6
6
6
12
4
4
8
4
4
4
4
4
4
4
4
