4:*5
32
242
242
32
32
14
12
234
204
12
18
18
30
20
22
14
44
88
18
22
10
260
282
110
54
28
44
22
12
16
16
208
236
10
104
36
32
44
38
114
34
82
154
148
2
8
20
4
2
22
148
32
20
18
16
14
20
178
12
6
24
48
72
26
86
36
38
70
16
10
14
14
68
46
6
4
38
2
10
22
8
12
37
8
30
8
8
2
4
12
2
2
6
36
102
4
16
8
26
40
62
8
14
6
88
6
32
6
20
70
30
12
4
76
18
44
6
46
10
18
34
32
10
10
12
2
6
34
14
2
26
18
44
2
2
2
2
2
6
2
6
14
12
12
14
2
12
10
2
16
12
8
12
8
12
16
8
4
8
26
8
4
12
4
8
8
16
4
16
38
4
8
18
4
4
4
4
20
8
4
4
4
4
4
4
8
70
4
8
18
4
6
28
4
14
4
4
4
4
4
4
4
4
4
8
14
12
18
4
24
4
14
4
4
12
4
4
4
4
10
14
4
10
12
4
4
10
4
4
4
6
12
8
8
8
16
8
4
4
12
10
10
10
8
4
12
10
4
4
4
4
4
18
4
4
16
8
4
4
4
10
6
6
6
6
6
14
12
12
8
8
8
8
4
4
4
2
12
16
8
12
12
12
8
12
4
8
4
4
4
4
4
8
8
4
4
4
4
4
8
4
4
4
4
4
4
4
4
4
4
