49
84
90
198
146
58
36
48
168
144
130
144
160
48
6
18
2
216
124
108
70
62
70
46
38
82
60
70
28
78
72
18
20
18
14
36
16
6
6
28
44
62
30
42
6
68
16
24
2
10
12
169
24
24
2
20
2
8
54
20
14
20
2
2
6
6
2
6
38
2
2
20
2
4
26
2
4
54
6
14
8
12
66
90
34
6
34
2
10
4
44
50
24
12
6
2
8
10
14
22
8
6
8
20
72
70
18
2
10
10
24
24
18
6
20
6
14
10
54
38
18
26
72
56
6
2
72
12
20
6
20
12
30
94
58
2
10
14
24
28
26
8
22
2
16
20
16
8
8
6
60
2
2
6
16
26
18
8
14
10
6
2
8
12
12
36
50
66
24
8
6
6
20
34
6
2
4
4
2
2
6
2
30
20
2
10
28
2
14
6
18
16
6
17
22
4
8
8
8
10
12
24
4
12
4
8
16
4
4
8
12
60
14
12
4
6
8
12
8
4
4
4
8
20
4
4
4
4
4
4
6
12
2
4
4
4
4
4
4
8
4
8
4
4
4
4
8
4
16
4
8
8
16
12
4
4
4
4
2
2
4
8
2
4
4
4
4
4
4
4
8
4
6
6
6
10
6
6
4
18
4
4
4
12
4
12
4
4
4
4
4
4
4
4
4
4
6
4
4
4
6
4
4
4
4
4
4
4
4
4
4
4
4
4
4
4
4
8
4
4
