229
190
190
172
188
172
144
50
8
14
14
4
4
8
12
30
70
130
124
124
66
54
216
202
112
108
186
254
286
178
162
64
12
2
12
50
37
4
56
40
48
30
50
88
102
62
26
6
10
14
16
28
2
8
32
60
6
12
28
8
40
46
32
22
70
10
14
52
14
68
76
2
2
4
16
18
18
74
96
36
70
32
14
20
72
24
18
22
10
6
14
44
6
6
12
10
14
76
28
8
22
26
26
2
8
24
34
36
36
118
76
36
68
82
34
30
30
2
6
20
38
62
16
42
22
24
10
40
54
24
4
41
4
12
4
4
4
12
16
4
18
28
14
10
18
2
20
24
4
16
6
6
10
32
6
10
32
16
14
28
16
20
16
2
6
30
16
28
10
10
2
14
4
10
2
2
6
18
10
46
22
10
6
14
6
6
32
36
2
2
2
6
6
10
4
12
2
10
6
6
6
32
28
2
2
2
6
5
12
4
8
12
12
6
12
4
12
8
4
16
4
8
4
4
8
14
4
4
4
4
4
4
8
6
4
4
8
4
4
4
4
4
4
4
4
4
16
8
12
4
4
12
8
4
4
4
4
20
4
4
2
4
4
4
22
4
22
4
4
4
12
4
4
4
8
4
8
12
8
8
8
4
4
4
8
4
8
10
4
4
8
4
4
4
4
8
10
4
4
4
4
4
4
4
4
4
4
8
14
8
8
4
8
4
4
8
4
4
12
4
8
4
2
22
10
10
6
10
6
24
28
32
36
24
12
16
20
20
8
8
2
12
4
4
4
6
8
8
8
8
4
4
4
4
4
4
12
4
4
38
