33
10
22
90
136
236
178
216
214
78
56
13
5
22
94
25
50
12
2
2
60
86
92
64
78
2
48
90
40
80
6
2
2
12
26
16
32
8
4
10
2
2
36
26
52
15
174
22
54
290
222
104
6
38
6
4
20
78
58
84
44
10
48
8
18
14
10
46
26
18
2
2
46
12
28
56
80
108
36
22
12
40
12
10
6
2
10
6
8
8
42
8
6
8
12
8
4
6
8
88
200
36
10
2
8
46
52
32
8
24
14
6
28
38
24
42
30
8
8
6
8
18
10
12
10
58
18
2
8
8
14
4
12
2
10
14
18
30
28
6
2
18
58
18
14
14
2
22
10
26
18
14
2
2
2
4
6
14
8
2
4
10
28
2
8
30
4
10
2
20
8
20
8
2
2
4
4
2
8
12
8
10
36
24
2
22
2
6
12
14
14
6
28
18
72
10
8
2
2
2
2
2
2
28
2
14
24
16
6
2
24
48
2
2
2
6
2
14
6
2
2
6
2
6
26
34
20
4
4
4
12
4
4
6
4
4
14
4
8
22
4
4
4
4
4
8
4
20
4
16
20
4
4
4
4
7
8
8
4
8
4
8
4
4
12
20
34
4
8
4
8
8
4
4
4
4
4
18
4
4
8
12
18
4
10
2
4
4
4
10
10
16
4
4
4
4
10
10
4
4
6
6
12
6
6
6
6
6
12
6
6
10
6
6
18
12
6
6
6
6
10
6
6
6
6
6
10
16
6
8
6
4
4
4
4
4
2
4
4
4
4
4
4
4
4
