37
46
94
36
34
14
14
108
14
14
26
288
368
58
60
60
10
54
246
150
12
2
6
8
2
146
184
10
44
10
30
10
10
2
4
18
26
122
20
4
4
68
30
70
74
10
12
250
12
226
78
80
252
28
92
6
40
22
52
88
94
46
6
79
32
46
46
38
56
16
16
6
2
10
20
342
6
28
26
40
14
2
2
52
60
16
36
84
28
2
32
16
14
186
10
62
38
82
14
22
14
2
2
4
16
12
4
20
48
2
6
16
274
336
4
8
46
124
94
4
34
20
56
2
4
12
2
280
10
56
2
22
12
14
2
22
20
6
10
4
30
58
2
6
46
2
2
32
42
14
160
134
22
198
88
2
2
34
32
10
2
56
2
4
2
14
2
4
2
2
16
6
12
2
2
16
2
2
42
64
44
6
32
2
26
94
6
18
10
24
8
4
2
8
4
4
2
6
12
22
18
10
14
5
2
2
6
68
6
14
30
6
2
32
6
8
2
10
4
2
8
2
4
2
36
2
8
2
4
2
2
6
2
2
2
8
2
2
2
6
6
2
2
6
6
2
10
6
10
6
2
2
2
32
16
192
4
4
38
2
12
12
2
2
82
8
18
18
14
6
30
55
12
2
2
2
2
2
2
10
14
52
20
4
4
12
4
4
10
24
24
34
4
4
16
12
4
8
2
8
12
4
4
12
12
8
4
8
4
16
20
8
4
14
4
4
4
4
4
4
4
8
4
12
4
12
12
4
4
4
8
4
4
4
6
8
8
2
2
4
8
26
4
4
4
4
8
8
4
4
8
4
2
6
4
8
4
4
24
8
4
12
4
4
4
4
4
4
4
4
4
4
12
4
8
14
4
4
8
12
8
4
10
8
4
4
2
4
20
34
4
4
4
4
4
4
4
10
8
4
4
4
4
6
10
6
10
6
4
4
2
4
6
4
4
4
4
4
4
2
8
4
4
4
16
4
4
4
4
4
4
4
2
4
4
4
12
4
4
2
2
