5
86
44
282
154
38
37
200
4
12
116
104
96
68
52
28
32
346
248
148
48
20
160
104
114
174
136
4
36
80
16
128
48
32
72
88
12
40
16
8
42
40
2
12
4
80
28
68
16
56
40
8
56
12
88
172
8
16
282
32
24
52
122
186
28
60
104
282
64
28
4
8
6
6
2
94
132
146
68
76
136
4
28
74
44
224
24
12
4
262
50
20
16
40
16
40
160
28
12
8
44
4
12
8
36
48
44
30
16
32
40
4
20
30
64
16
40
28
24
16
92
12
58
8
54
62
38
54
28
12
80
32
8
8
20
12
16
16
48
16
24
40
4
20
36
4
48
32
8
16
20
76
56
20
4
8
4
4
8
48
44
68
32
48
16
24
8
20
76
8
26
200
56
40
16
36
58
28
8
96
12
28
12
4
20
8
28
12
12
28
4
12
16
4
4
28
24
8
4
8
12
44
12
12
20
12
10
64
8
4
4
12
4
4
8
4
36
8
12
40
12
4
12
36
12
4
16
20
4
8
4
16
8
12
12
32
4
4
4
40
28
4
12
12
8
28
24
4
4
4
4
4
12
88
8
8
28
30
4
8
4
8
12
20
24
28
4
8
8
4
8
4
4
4
4
28
8
8
16
16
8
4
8
8
4
8
8
8
8
8
8
8
12
8
8
8
4
8
4
4
4
9
10
2
24
16
12
4
8
12
32
4
32
12
4
16
68
4
12
4
4
4
32
8
4
12
12
8
20
8
12
8
4
4
8
4
4
4
4
28
8
4
4
4
4
4
4
4
4
12
28
8
16
16
8
4
8
4
4
16
4
6
4
4
8
20
4
4
8
4
16
10
8
4
10
4
12
8
4
4
8
6
28
4
4
8
4
4
4
4
8
4
4
4
20
8
4
4
4
4
16
8
4
4
4
4
8
4
16
4
4
4
4
4
4
4
8
4
4
4
4
4
4
4
4
4
4
4
4
4
4
4
4
4
4
