63
48
100
102
122
94
68
88
8
48
6
18
12
14
30
30
62
82
58
19
26
74
16
17
6
32
10
4
55
24
70
2
28
16
4
10
42
26
14
54
14
52
28
2
74
40
26
8
2
32
8
22
39
19
4
4
2
2
30
2
10
34
10
24
8
10
4
6
48
6
12
24
14
46
42
2
32
2
54
8
26
12
10
6
6
20
20
4
64
52
66
2
12
34
34
10
22
4
14
76
36
14
2
10
2
2
2
26
2
2
26
2
2
2
10
2
10
36
26
4
34
6
4
20
6
10
16
10
32
36
2
2
2
4
8
34
10
16
22
2
2
2
56
2
2
6
13
6
6
18
10
8
2
10
8
32
14
2
10
6
12
40
2
6
2
12
10
28
8
6
26
8
10
4
20
20
6
2
2
6
16
6
6
40
2
8
8
18
6
6
2
2
10
12
4
6
2
10
18
38
4
6
5
2
6
6
2
4
4
2
2
2
8
4
10
2
2
8
36
4
3
3
6
10
4
6
6
26
2
2
2
14
4
6
24
6
2
6
6
2
2
2
2
2
26
2
4
16
36
4
16
16
20
8
12
12
12
8
16
8
4
8
20
20
8
12
8
8
4
4
8
16
12
4
4
4
4
4
4
4
4
12
8
12
4
4
8
4
4
28
8
4
4
8
4
4
16
8
4
8
4
2
4
4
12
4
4
4
8
8
4
8
4
4
4
4
4
8
4
8
8
4
12
8
8
4
4
4
4
4
4
4
4
4
4
4
4
4
4
4
4
4
4
4
