7
8
6
66
36
12
136
142
132
176
56
42
60
20
56
84
116
102
58
45
4
96
130
42
64
64
100
116
198
168
102
54
12
4
2
2
132
196
2
4
18
42
84
82
60
74
44
43
32
16
2
10
42
4
16
6
20
18
44
12
14
18
2
20
14
14
8
12
6
16
12
20
6
6
4
32
20
14
14
30
18
40
42
38
24
2
86
16
24
6
50
10
22
8
8
22
28
8
6
14
18
6
4
28
2
10
4
2
2
2
4
4
10
78
10
2
4
4
14
18
2
2
2
2
6
4
48
30
20
10
54
8
32
36
4
28
4
58
4
34
12
24
16
10
2
8
10
4
16
12
4
6
4
4
2
6
6
16
6
4
10
16
4
16
4
12
16
2
2
6
8
2
6
2
10
4
8
4
2
14
6
12
2
4
2
2
2
4
24
8
24
36
6
2
2
4
2
2
2
38
8
8
2
2
4
4
2
32
28
2
70
2
2
2
12
2
2
22
4
2
2
4
2
2
2
2
2
18
6
2
2
22
8
10
8
18
14
14
2
20
2
4
2
6
4
4
8
8
4
8
4
6
6
4
4
4
4
20
4
8
6
4
14
12
2
10
4
6
2
2
2
8
6
2
4
12
2
10
8
4
2
4
2
2
6
4
2
2
4
2
2
2
2
2
6
4
4
2
2
2
2
6
4
4
4
4
4
4
8
4
2
2
2
8
4
4
4
4
4
8
4
2
4
8
4
4
4
4
4
4
4
