97
140
118
176
106
48
18
68
54
6
96
8
118
34
98
20
22
18
12
38
5
8
14
42
20
11
5
2
14
42
192
102
10
140
116
10
2
40
28
20
34
14
16
22
12
46
34
76
86
104
168
88
92
56
6
30
12
68
56
56
16
6
28
20
8
20
7
19
4
6
44
16
18
34
8
6
44
8
2
2
22
6
58
6
10
12
22
49
8
2
2
6
38
2
8
6
6
2
12
10
2
2
24
2
66
2
12
2
6
6
2
22
16
28
6
6
26
2
20
16
4
10
2
8
2
2
10
22
4
2
2
10
24
36
2
2
2
2
14
2
2
22
60
12
6
34
10
24
42
48
14
4
16
4
4
24
16
6
14
22
12
34
8
6
3
10
2
28
6
30
30
24
6
8
14
6
16
24
10
6
2
3
6
4
2
54
2
6
4
2
6
10
6
10
2
2
2
8
8
8
32
32
16
28
20
4
36
24
4
16
20
16
12
20
8
8
4
4
4
4
16
24
8
8
44
12
8
4
4
4
4
4
4
12
4
4
8
4
12
24
20
20
8
8
4
4
4
4
8
4
4
8
8
8
4
4
4
4
20
36
4
20
16
8
28
30
8
20
28
20
4
4
4
8
4
16
8
12
8
24
12
8
4
4
4
4
4
12
8
4
4
4
4
4
4
4
4
4
4
4
28
24
16
8
4
4
12
8
12
8
4
4
4
4
4
4
4
4
4
4
4
4
8
8
4
4
4
