79
130
128
196
218
10
12
254
258
18
42
242
10
44
28
28
42
92
14
24
28
56
36
172
102
126
90
106
96
246
190
90
82
20
128
92
44
214
88
34
46
20
198
18
162
26
8
12
12
10
34
102
20
134
62
8
226
22
20
140
210
210
22
58
16
20
8
4
80
18
80
86
96
8
32
12
34
8
26
26
10
42
4
34
18
22
38
10
32
56
4
38
106
8
60
4
24
12
22
54
20
62
92
10
10
30
12
6
4
12
16
18
10
72
194
4
6
8
46
148
54
8
24
16
12
16
8
20
74
20
18
50
26
34
138
54
56
16
6
12
28
12
4
20
18
32
4
34
16
22
18
12
30
20
26
32
36
4
6
14
26
4
22
22
42
14
4
24
32
18
58
56
8
10
8
64
8
14
46
8
28
47
6
20
12
8
10
4
34
4
10
8
4
10
6
4
4
8
4
6
4
24
8
14
8
8
4
24
4
8
4
30
4
4
10
4
30
4
4
10
6
4
24
6
12
4
44
4
34
28
20
22
10
6
18
4
14
46
6
16
4
10
12
10
4
4
18
14
4
4
8
4
19
20
53
10
4
6
12
12
6
19
22
21
28
6
8
6
8
10
4
4
10
11
4
17
14
8
18
4
4
2
8
2
4
2
12
4
18
20
14
8
4
10
16
8
12
30
28
30
10
8
6
14
4
4
24
12
12
4
4
4
4
8
4
12
4
4
4
6
4
4
4
4
18
26
4
4
8
8
6
4
4
4
12
8
6
14
4
4
14
4
10
6
4
10
4
8
8
10
14
4
4
4
2
4
2
10
6
10
2
2
2
2
4
2
4
2
4
2
2
2
2
2
4
13
4
4
2
2
4
2
2
2
4
2
4
2
2
4
2
2
12
8
2
2
4
10
2
2
4
4
16
2
14
2
8
2
2
2
2
4
2
2
2
11
2
2
2
2
8
2
6
2
3
2
4
2
11
3
2
4
4
2
2
2
2
2
2
2
2
2
2
2
4
2
2
2
2
2
2
2
