79
80
124
146
208
164
6
46
38
144
166
92
94
12
10
42
84
14
78
46
22
12
24
18
8
26
28
70
68
4
48
46
20
8
14
10
6
76
30
48
112
4
10
62
8
108
54
20
36
42
44
6
16
10
4
8
14
2
28
16
16
44
10
4
12
12
10
14
48
12
60
6
18
22
10
48
12
14
2
6
6
6
34
2
8
2
66
6
2
6
38
2
6
16
12
2
2
54
40
30
2
22
28
6
18
2
12
6
22
24
26
18
19
2
10
6
32
18
6
48
40
14
10
2
60
16
18
6
2
56
48
12
52
12
2
2
2
6
10
2
3
4
2
24
30
12
14
14
12
6
6
26
2
2
20
16
24
2
10
8
6
24
4
6
20
10
6
20
2
2
2
2
46
2
18
2
2
6
2
2
2
6
6
6
22
2
2
8
6
6
6
18
4
12
14
2
20
14
22
2
26
14
10
6
2
2
6
14
12
2
2
50
16
10
2
18
6
10
2
2
2
2
2
2
2
2
14
6
4
8
12
8
38
10
12
8
16
8
12
8
4
4
4
4
12
8
8
20
16
8
16
12
12
8
4
4
4
4
4
16
12
12
8
8
8
4
4
16
16
12
8
4
8
4
16
4
12
4
8
4
8
12
8
4
8
4
12
4
4
8
8
4
4
4
4
4
8
8
8
8
4
4
4
12
4
12
4
4
4
4
4
12
4
4
4
4
4
4
4
4
12
8
4
8
4
4
4
4
4
8
4
4
4
8
4
4
4
4
4
4
4
4
4
4
4
4
4
3
